250
500
750
1000
200
400
600
800
1000
166
332
498
664
830
996
200
400
600
800
1000
200
400
600
800
1000
200
400
600
800
1000
142
284
426
568
710
852
994
125
250
375
500
625
750
875
1000
200
400
600
800
1000
200
400
600
800
1000
166
332
498
664
830
996
200
400
600
800
1000
142
284
426
568
710
852
994
250
500
750
1000
200
400
600
800
1000
166
332
498
664
830
996
200
400
600
800
1000
200
400
600
800
1000
200
400
600
800
1000
200
400
600
800
1000
125
250
375
500
625
750
875
1000
166
332
498
664
830
996
250
500
750
1000
166
332
498
664
830
996
200
400
600
800
1000
142
284
426
568
710
852
994
166
332
498
664
830
996
250
500
750
1000
166
332
498
664
830
996
142
284
426
568
710
852
994
200
400
600
800
1000
250
500
750
1000
166
332
498
664
830
996
200
400
600
800
1000
200
400
600
800
1000
166
332
498
664
830
996
200
400
600
800
1000
166
332
498
664
830
996
200
400
600
800
1000
166
332
498
664
830
996
142
284
426
568
710
852
994
250
500
750
1000
166
332
498
664
830
996
200
400
600
800
1000
200
400
600
800
1000
142
284
426
568
710
852
994
166
332
498
664
830
996
250
500
750
1000
41
82
123
164
205
246
287
328
369
410
451
492
533
574
615
656
697
738
779
820
861
902
943
984
41
82
123
164
205
246
287
328
369
410
451
492
533
574
615
656
697
738
779
820
861
902
943
984
166
332
498
664
830
996
200
400
600
800
1000
166
332
498
664
830
996
200
400
600
800
1000
166
332
498
664
830
996
200
400
600
800
1000
200
400
600
800
1000
200
400
600
800
1000
200
400
600
800
1000
166
332
498
664
830
996
125
250
375
500
625
750
875
1000
250
500
750
1000
166
332
498
664
830
996
200
400
600
800
1000
200
400
600
800
1000
166
332
498
664
830
996
200
400
600
800
1000
166
332
498
664
830
996
200
400
600
800
1000
166
332
498
664
830
996
142
284
426
568
710
852
994
250
500
750
1000
200
400
600
800
1000
166
332
498
664
830
996
200
400
600
800
1000
166
332
498
664
830
996
166
332
498
664
830
996
200
400
600
800
1000
166
332
498
664
830
996
166
332
498
664
830
996
200
400
600
800
1000
200
400
600
800
1000
200
400
600
800
1000
200
400
600
800
1000
200
400
600
800
1000
200
400
600
800
1000
166
332
498
664
830
996
200
400
600
800
1000
125
250
375
500
625
750
875
1000
166
332
498
664
830
996
111
222
333
444
555
666
777
888
999
250
500
750
1000
200
400
600
800
1000
200
400
600
800
1000
200
400
600
800
1000
166
332
498
664
830
996
200
400
600
800
1000
250
500
750
1000
