7	14	21	25	34	35	38	39	53	49	95	96	93	89	74	67	75	70	63	71	80	48	51	42	43	
no way	
25	559
7	6	8	22	20	24	32	33	26	18	13	48	19	25	27	34	43	51	50	57	56	60	53	39	31	29	35	38	42	52	
no way	
30	595
14	17	21	25	27	19	15	11	13	12	16	18	26	24	32	37	36	44	45	47	40	46	54	55	62	67	59	66	74	89	93	49	61	60	53	52	42	38	35	43	48	51	50	56	65	64	73	72	79	76	90	77	91	95	94	92	96	97	
no way	
58	1218
15	14	21	23	7	9	5	3	2	1	4	6	8	20	12	18	48	26	32	37	28	36	44	58	49	53	61	60	56	64	57	50	42	51	43	34	25	27	19	17	
no way	
40	1123
15	17	25	35	29	31	39	52	60	53	61	69	49	30	
14	305
7	9	23	31	49	39	52	50	51	57	56	60	53	61	69	76	90	94	95	91	77	
no way	
21	423
7	3	2	4	1	5	49	97	93	96	92	94	95	91	77	90	76	68	72	79	73	81	84	85	86	87	48	71	63	70	62	67	74	66	59	45	47	46	54	55	
no way	
40	795
14	15	19	17	25	21	29	38	52	42	51	50	56	57	48	73	64	65	68	60	53	61	49	58	66	67	62	63	70	71	80	78	75	74	89	93	92	94	96	95	97	
no way	
41	883
15	19	17	21	25	35	29	23	31	49	36	30	
12	205
6	8	20	12	13	48	64	56	60	61	69	49	74	66	58	44	36	37	28	32	40	46	41	33	26	16	24	
no way	
27	516
15	19	17	21	25	35	29	23	49	36	30	
11	202
