1.59429	20.0244	50
2.1054	16.1421	1.69198e-14
2.1054	23.9067	2.25597e-14
2.1054	23.9067	50
50	3.91578	3.91578	50.1531	
 
1.59429	20.0244	2.25597e-14
2.1054	16.1421	1.69198e-14
2.1054	16.1421	50
2.1054	23.9067	50
16.5943	20.0244	60
50	50.1531	3.91578	3.91578	18.0277	
 
1.59429	20.0244	2.25597e-14
1.59429	20.0244	50
2.1054	23.9067	2.25597e-14
2.1054	16.1421	50
3.6039	12.5244	1.69198e-14
3.6039	27.5244	2.25597e-14
3.91578	50.1531	7.76456	50	3.91578	11.4805	
 
1.59429	20.0244	2.25597e-14
2.1054	16.1421	1.69198e-14
2.1054	23.9067	50
3.6039	27.5244	2.25597e-14
3.6039	27.5244	50
3.91578	7.76456	50	3.91578	50.1531	
 
1.59429	20.0244	50
2.1054	16.1421	1.69198e-14
3.6039	12.5244	1.69198e-14
3.6039	12.5244	50
16.5943	20.0244	60
3.91578	50	50.1531	3.91578	18.0277	
 
1.59429	20.0244	2.25597e-14
1.59429	20.0244	50
2.1054	23.9067	2.25597e-14
3.6039	27.5244	50
16.5943	20.0244	60
50.1531	3.91578	50	3.91578	18.0277	
 
2.1054	16.1421	1.69198e-14
2.1054	16.1421	50
3.6039	27.5244	2.25597e-14
3.6039	12.5244	50
3.99429	20.0244	1.69198e-14
4.42362	16.7633	1.69198e-14
5.98768	9.4178	1.12799e-14
3.91578	50.1531	15	50	7.51014	4.3174	3.91578	
 
2.1054	16.1421	1.69198e-14
2.1054	23.9067	2.25597e-14
3.6039	12.5244	1.69198e-14
3.6039	27.5244	50
3.99429	20.0244	1.69198e-14
4.42362	23.2855	1.69198e-14
5.98768	30.631	2.25597e-14
5.98768	30.631	50
11.4805	3.91578	15	50	7.51014	4.3174	3.91578	50.1531	
 
2.1054	16.1421	50
3.6039	12.5244	1.69198e-14
5.98768	9.4178	1.12799e-14
5.98768	9.4178	50
16.5943	20.0244	60
3.91578	50	50.1531	3.91578	18.0277	
 
2.1054	23.9067	2.25597e-14
2.1054	23.9067	50
3.6039	27.5244	2.25597e-14
5.98768	30.631	50
16.5943	20.0244	60
50.1531	3.91578	50	3.91578	18.0277	
 
3.6039	12.5244	1.69198e-14
3.6039	27.5244	2.25597e-14
3.99429	20.0244	50
4.42362	16.7633	1.69198e-14
4.42362	23.2855	1.69198e-14
4.42362	23.2855	50
7.51014	7.51014	50	3.28925	3.28925	50.1081	
 
3.99429	20.0244	1.69198e-14
4.42362	16.7633	1.69198e-14
4.42362	16.7633	50
4.42362	23.2855	50
16.5943	20.0244	58.4
50	50.1081	3.28925	3.28925	15.1433	
 
3.6039	12.5244	1.69198e-14
3.99429	20.0244	1.69198e-14
3.99429	20.0244	50
4.42362	16.7633	50
5.68236	13.7244	1.69198e-14
5.68236	13.7244	50
5.98768	9.4178	1.12799e-14
4.3174	3.28925	50.1081	50	3.28925	50.1081	7.51014	
 
3.99429	20.0244	50
4.42362	16.7633	1.69198e-14
5.68236	13.7244	50
16.5943	20.0244	58.4
3.28925	50	3.28925	15.1433	
 
3.6039	27.5244	2.25597e-14
3.99429	20.0244	1.69198e-14
4.42362	23.2855	50
5.68236	26.3244	2.25597e-14
5.98768	30.631	2.25597e-14
4.3174	3.28925	50	3.28925	7.51014	
 
3.99429	20.0244	1.69198e-14
3.99429	20.0244	50
4.42362	23.2855	1.69198e-14
5.68236	26.3244	2.25597e-14
5.68236	26.3244	50
16.5943	20.0244	58.4
50.1081	3.28925	50	50.1081	3.28925	15.1433	
 
4.42362	16.7633	1.69198e-14
5.68236	13.7244	50
5.98768	9.4178	1.12799e-14
7.68473	11.1149	1.12799e-14
7.68473	11.1149	50
3.28925	50	4.3174	3.28925	50.1081	
 
4.42362	23.2855	1.69198e-14
4.42362	23.2855	50
5.68236	26.3244	50
5.98768	30.631	2.25597e-14
7.68473	28.9339	1.69198e-14
3.28925	50.1081	50	4.3174	3.28925	
 
4.42362	16.7633	1.69198e-14
4.42362	16.7633	50
5.68236	13.7244	1.69198e-14
7.68473	11.1149	50
16.5943	20.0244	58.4
50.1081	3.28925	50	3.28925	15.1433	
 
4.42362	23.2855	50
5.68236	26.3244	2.25597e-14
7.68473	28.9339	1.69198e-14
7.68473	28.9339	50
16.5943	20.0244	58.4
3.28925	50	50.1081	3.28925	15.1433	
 
3.6039	12.5244	1.69198e-14
3.6039	12.5244	50
4.42362	16.7633	1.69198e-14
5.68236	13.7244	1.69198e-14
5.98768	9.4178	50
7.68473	11.1149	1.12799e-14
9.09427	7.03402	1.12799e-14
9.09427	7.03402	50
3.91578	50.1531	7.51014	4.3174	50	2.4	3.91578	50.1531	
 
3.6039	27.5244	2.25597e-14
4.42362	23.2855	1.69198e-14
5.68236	26.3244	2.25597e-14
5.98768	30.631	50
7.68473	28.9339	1.69198e-14
9.09427	33.0147	2.25597e-14
3.91578	7.51014	4.3174	50	2.4	3.91578	
 
3.6039	12.5244	50
5.98768	9.4178	1.12799e-14
9.09427	7.03402	50
16.5943	20.0244	60
3.91578	50	3.91578	18.0277	
 
3.6039	27.5244	2.25597e-14
3.6039	27.5244	50
5.98768	30.631	2.25597e-14
9.09427	33.0147	2.25597e-14
9.09427	33.0147	50
16.5943	20.0244	60
50.1531	3.91578	50	50.1531	3.91578	18.0277	
 
5.68236	13.7244	1.69198e-14
5.98768	9.4178	1.12799e-14
7.68473	11.1149	50
9.09427	7.03402	1.12799e-14
10.2943	9.11248	1.12799e-14
3.28925	2.4	50	4.3174	3.28925	
 
5.68236	26.3244	2.25597e-14
5.68236	26.3244	50
5.98768	30.631	2.25597e-14
7.68473	28.9339	50
9.09427	33.0147	2.25597e-14
10.2943	30.9363	50
10.2943	30.9363	1.69198e-14
3.28925	50.1081	2.4	50	4.3174	50.1081	3.28925	
 
5.68236	13.7244	1.69198e-14
5.68236	13.7244	50
7.68473	11.1149	1.12799e-14
10.2943	9.11248	1.12799e-14
10.2943	9.11248	50
16.5943	20.0244	58.4
50.1081	3.28925	50	50.1081	3.28925	15.1433	
 
5.68236	26.3244	50
7.68473	28.9339	1.69198e-14
10.2943	30.9363	50
16.5943	20.0244	58.4
3.28925	50	3.28925	15.1433	
 
5.98768	9.4178	1.12799e-14
7.68473	11.1149	1.12799e-14
9.09427	7.03402	50
10.2943	9.11248	1.12799e-14
12.712	5.53552	50
12.712	5.53552	5.63993e-15
3.91578	4.3174	50	2.4	50.1531	3.91578	
 
5.98768	30.631	2.25597e-14
5.98768	30.631	50
7.68473	28.9339	1.69198e-14
9.09427	33.0147	50
10.2943	30.9363	1.69198e-14
12.712	34.5132	1.69198e-14
12.712	34.5132	50
3.91578	50.1531	4.3174	50	2.4	3.91578	50.1531	
 
5.98768	9.4178	1.12799e-14
5.98768	9.4178	50
9.09427	7.03402	1.12799e-14
12.712	5.53552	50
16.5943	20.0244	60
50.1531	3.91578	50	3.91578	18.0277	
 
5.98768	30.631	50
9.09427	33.0147	2.25597e-14
12.712	34.5132	50
16.5943	20.0244	60
3.91578	50	3.91578	18.0277	
 
7.68473	11.1149	1.12799e-14
7.68473	11.1149	50
9.09427	7.03402	1.12799e-14
10.2943	9.11248	50
12.712	5.53552	5.63993e-15
13.3331	7.85374	1.12799e-14
3.28925	50.1081	2.4	50	4.3174	3.28925	
 
7.68473	11.1149	50
10.2943	9.11248	1.12799e-14
13.3331	7.85374	1.12799e-14
13.3331	7.85374	50
16.5943	20.0244	58.4
3.28925	50	50.1081	3.28925	15.1433	
 
7.68473	28.9339	1.69198e-14
7.68473	28.9339	50
10.2943	30.9363	1.69198e-14
13.3331	32.195	50
16.5943	20.0244	58.4
50.1081	3.28925	50	3.28925	15.1433	
 
7.68473	28.9339	1.69198e-14
9.09427	33.0147	2.25597e-14
10.2943	30.9363	50
12.712	34.5132	1.69198e-14
13.3331	32.195	1.69198e-14
13.3331	32.195	50
3.28925	2.4	50	4.3174	3.28925	50.1081	
 
9.09427	7.03402	1.12799e-14
9.09427	7.03402	50
12.712	5.53552	5.63993e-15
16.5943	5.02441	50
16.5943	20.0244	60
50.1531	3.91578	50	3.91578	18.0277	
 
9.09427	7.03402	1.12799e-14
10.2943	9.11248	1.12799e-14
12.712	5.53552	50
13.3331	7.85374	1.12799e-14
16.5943	5.02441	50
16.5943	5.02441	5.63993e-15
3.91578	4.3174	50	2.4	50.1531	3.91578	
 
9.09427	33.0147	2.25597e-14
10.2943	30.9363	1.69198e-14
12.712	34.5132	50
13.3331	32.195	1.69198e-14
16.5943	35.0243	1.69198e-14
3.91578	4.3174	50	2.4	3.91578	
 
9.09427	33.0147	2.25597e-14
9.09427	33.0147	50
12.712	34.5132	1.69198e-14
16.5943	20.0244	60
16.5943	35.0243	1.69198e-14
16.5943	35.0243	50
50.1531	3.91578	50	18.0277	50.1531	3.91578	
 
10.2943	9.11248	1.12799e-14
10.2943	9.11248	50
12.712	5.53552	5.63993e-15
13.3331	7.85374	50
16.5943	5.02441	5.63993e-15
16.5943	7.42441	50
16.5943	7.42441	5.63993e-15
3.28925	50.1081	2.4	50	4.3174	50.1081	3.28925	
 
10.2943	9.11248	50
13.3331	7.85374	1.12799e-14
16.5943	7.42441	50
16.5943	20.0244	58.4
3.28925	50	3.28925	15.1433	
 
10.2943	30.9363	1.69198e-14
12.712	34.5132	1.69198e-14
13.3331	32.195	50
16.5943	32.6243	1.69198e-14
16.5943	32.6243	50
16.5943	35.0243	1.69198e-14
3.28925	2.4	50	3.28925	50.1081	4.3174	
 
10.2943	30.9363	50
10.2943	30.9363	1.69198e-14
13.3331	32.195	1.69198e-14
16.5943	20.0244	58.4
16.5943	32.6243	50
3.28925	50.1081	50	15.1433	3.28925	
 
12.712	5.53552	50
12.712	5.53552	5.63993e-15
16.5943	5.02441	5.63993e-15
16.5943	20.0244	60
20.4765	5.53552	50
3.91578	50.1531	50	18.0277	3.91578	
 
12.712	5.53552	5.63993e-15
13.3331	7.85374	1.12799e-14
16.5943	5.02441	50
16.5943	7.42441	5.63993e-15
19.8554	7.85374	5.63993e-15
20.4765	5.53552	50
20.4765	5.53552	5.63993e-15
3.91578	4.3174	50	2.4	4.3174	50.1531	3.91578	
 
13.3331	7.85374	1.12799e-14
13.3331	7.85374	50
16.5943	7.42441	5.63993e-15
16.5943	20.0244	58.4
19.8554	7.85374	5.63993e-15
19.8554	7.85374	50
50.1081	3.28925	50	15.1433	50.1081	3.28925	
 
13.3331	7.85374	1.12799e-14
16.5943	5.02441	5.63993e-15
16.5943	7.42441	50
19.8554	7.85374	5.63993e-15
3.28925	2.4	50	3.28925	
 
3.99429	20.0244	50
4.42362	16.7633	50
4.42362	23.2855	50
5.68236	13.7244	50
5.68236	26.3244	50
7.68473	11.1149	50
7.68473	28.9339	50
10.2943	9.11248	50
10.2943	30.9363	50
13.3331	7.85374	50
13.3331	32.195	50
16.5943	7.42441	50
16.5943	32.6243	50
19.8554	7.85374	50
19.8554	32.195	50
22.8942	9.11248	50
22.8942	30.9363	50
25.5038	11.1149	50
25.5038	28.9339	50
27.5062	13.7244	50
27.5062	26.3244	50
28.7649	16.7633	50
28.7649	23.2855	50
29.1942	20.0244	50
15.1433	15.1433	15.1433	15.1433	15.1433	15.1433	15.1433	15.1433	15.1433	15.1433	15.1433	15.1433	15.1433	15.1433	15.1433	15.1433	15.1433	15.1433	15.1433	15.1433	15.1433	15.1433	15.1433	15.1433	
 
1.59429	20.0244	50
2.1054	16.1421	50
2.1054	23.9067	50
3.6039	12.5244	50
3.6039	27.5244	50
5.98768	9.4178	50
5.98768	30.631	50
9.09427	7.03402	50
9.09427	33.0147	50
12.712	5.53552	50
12.712	34.5132	50
16.5943	5.02441	50
16.5943	35.0243	50
20.4765	5.53552	50
20.4765	34.5132	50
24.0942	7.03402	50
24.0942	33.0147	50
27.2008	9.4178	50
27.2008	30.631	50
29.5846	12.5244	50
29.5846	27.5244	50
31.0831	16.1421	50
31.0831	23.9067	50
31.5942	20.0244	50
18.0277	18.0277	18.0277	18.0277	18.0277	18.0277	18.0277	18.0277	18.0277	18.0277	18.0277	18.0277	18.0277	18.0277	18.0277	18.0277	18.0277	18.0277	18.0277	18.0277	18.0277	18.0277	18.0277	18.0277	
 
13.3331	32.195	1.69198e-14
16.5943	32.6243	50
16.5943	35.0243	1.69198e-14
19.8554	32.195	1.12799e-14
19.8554	32.195	50
20.4765	34.5132	1.69198e-14
3.28925	50	2.4	3.28925	50.1081	4.3174	
 
13.3331	32.195	1.69198e-14
13.3331	32.195	50
16.5943	20.0244	58.4
16.5943	32.6243	1.69198e-14
19.8554	32.195	50
50.1081	3.28925	15.1433	50	3.28925	
 
12.712	34.5132	1.69198e-14
12.712	34.5132	50
13.3331	32.195	1.69198e-14
16.5943	32.6243	1.69198e-14
16.5943	35.0243	50
20.4765	34.5132	1.69198e-14
3.91578	50.1531	4.3174	2.4	50	3.91578	
 
12.712	34.5132	50
16.5943	20.0244	60
16.5943	35.0243	1.69198e-14
20.4765	34.5132	1.69198e-14
20.4765	34.5132	50
3.91578	18.0277	50	50.1531	3.91578	
 
16.5943	5.02441	5.63993e-15
16.5943	7.42441	50
16.5943	7.42441	5.63993e-15
19.8554	7.85374	50
20.4765	5.53552	5.63993e-15
22.8942	9.11248	5.63993e-15
4.3174	50.1081	3.28925	50	2.4	3.28925	
 
16.5943	7.42441	50
16.5943	20.0244	58.4
19.8554	7.85374	5.63993e-15
22.8942	9.11248	5.63993e-15
22.8942	9.11248	50
3.28925	15.1433	50	50.1081	3.28925	
 
16.5943	32.6243	1.69198e-14
19.8554	32.195	50
20.4765	34.5132	1.69198e-14
22.8942	30.9363	50
22.8942	30.9363	1.12799e-14
3.28925	50	2.4	50.1081	3.28925	
 
16.5943	20.0244	58.4
16.5943	32.6243	1.69198e-14
16.5943	32.6243	50
19.8554	32.195	1.12799e-14
22.8942	30.9363	50
15.1433	50.1081	3.28925	50	3.28925	
 
16.5943	5.02441	50
16.5943	5.02441	5.63993e-15
16.5943	20.0244	60
20.4765	5.53552	5.63993e-15
24.0942	7.03402	50
3.91578	50.1531	18.0277	50	3.91578	
 
16.5943	5.02441	5.63993e-15
19.8554	7.85374	5.63993e-15
20.4765	5.53552	50
22.8942	9.11248	5.63993e-15
24.0942	7.03402	50
24.0942	7.03402	0
3.91578	2.4	50	4.3174	50.1531	3.91578	
 
16.5943	32.6243	1.69198e-14
16.5943	35.0243	1.69198e-14
16.5943	35.0243	50
19.8554	32.195	1.12799e-14
20.4765	34.5132	50
22.8942	30.9363	1.12799e-14
24.0942	33.0147	1.12799e-14
24.0942	33.0147	50
4.3174	3.91578	50.1531	2.4	50	4.3174	3.91578	50.1531	
 
16.5943	20.0244	60
16.5943	35.0243	50
20.4765	34.5132	1.69198e-14
24.0942	33.0147	50
18.0277	3.91578	50	3.91578	
 
19.8554	7.85374	5.63993e-15
19.8554	7.85374	50
20.4765	5.53552	5.63993e-15
22.8942	9.11248	50
24.0942	7.03402	0
25.5038	11.1149	5.63993e-15
3.28925	50.1081	4.3174	50	2.4	3.28925	
 
16.5943	20.0244	58.4
19.8554	7.85374	50
22.8942	9.11248	5.63993e-15
25.5038	11.1149	5.63993e-15
25.5038	11.1149	50
15.1433	3.28925	50	50.1081	3.28925	
 
16.5943	20.0244	58.4
19.8554	32.195	1.12799e-14
19.8554	32.195	50
22.8942	30.9363	1.12799e-14
25.5038	28.9339	50
15.1433	50.1081	3.28925	50	3.28925	
 
19.8554	32.195	1.12799e-14
20.4765	34.5132	1.69198e-14
22.8942	30.9363	50
24.0942	33.0147	1.12799e-14
25.5038	28.9339	1.12799e-14
25.5038	28.9339	50
3.28925	4.3174	50	2.4	3.28925	50.1081	
 
16.5943	20.0244	60
20.4765	5.53552	50
20.4765	5.53552	5.63993e-15
24.0942	7.03402	0
27.2008	9.4178	50
18.0277	3.91578	50.1531	50	3.91578	
 
20.4765	5.53552	5.63993e-15
22.8942	9.11248	5.63993e-15
24.0942	7.03402	50
25.5038	11.1149	5.63993e-15
27.2008	9.4178	50
27.2008	9.4178	0
3.91578	2.4	50	4.3174	50.1531	3.91578	
 
20.4765	34.5132	1.69198e-14
22.8942	30.9363	1.12799e-14
24.0942	33.0147	50
25.5038	28.9339	1.12799e-14
27.2008	30.631	1.12799e-14
3.91578	2.4	50	4.3174	3.91578	
 
16.5943	20.0244	60
20.4765	34.5132	1.69198e-14
20.4765	34.5132	50
24.0942	33.0147	1.12799e-14
27.2008	30.631	1.12799e-14
27.2008	30.631	50
18.0277	50.1531	3.91578	50	50.1531	3.91578	
 
22.8942	9.11248	5.63993e-15
22.8942	9.11248	50
24.0942	7.03402	0
25.5038	11.1149	50
27.2008	9.4178	0
27.5062	13.7244	0
27.5062	13.7244	50
3.28925	50.1081	4.3174	50	2.4	3.28925	50.1081	
 
16.5943	20.0244	58.4
22.8942	9.11248	50
25.5038	11.1149	5.63993e-15
27.5062	13.7244	50
15.1433	3.28925	50	3.28925	
 
22.8942	30.9363	1.12799e-14
24.0942	33.0147	1.12799e-14
25.5038	28.9339	50
27.2008	30.631	1.12799e-14
27.5062	26.3244	5.63993e-15
3.28925	4.3174	50	2.4	3.28925	
 
16.5943	20.0244	58.4
22.8942	30.9363	50
22.8942	30.9363	1.12799e-14
25.5038	28.9339	1.12799e-14
27.5062	26.3244	5.63993e-15
27.5062	26.3244	50
15.1433	3.28925	50.1081	50	50.1081	3.28925	
 
16.5943	20.0244	60
24.0942	7.03402	50
24.0942	7.03402	0
27.2008	9.4178	0
29.5846	12.5244	50
18.0277	3.91578	50.1531	50	3.91578	
 
24.0942	7.03402	0
25.5038	11.1149	5.63993e-15
27.2008	9.4178	50
27.5062	13.7244	0
29.5846	12.5244	0
29.5846	12.5244	50
3.91578	2.4	50	4.3174	3.91578	50.1531	
 
24.0942	33.0147	1.12799e-14
24.0942	33.0147	50
25.5038	28.9339	1.12799e-14
27.2008	30.631	50
27.5062	26.3244	5.63993e-15
29.5846	27.5244	5.63993e-15
3.91578	50.1531	2.4	50	4.3174	3.91578	
 
16.5943	20.0244	60
24.0942	33.0147	50
27.2008	30.631	1.12799e-14
29.5846	27.5244	5.63993e-15
29.5846	27.5244	50
18.0277	3.91578	50	50.1531	3.91578	
 
25.5038	11.1149	5.63993e-15
27.2008	9.4178	0
27.5062	13.7244	50
28.7649	16.7633	5.63993e-15
28.7649	16.7633	50
29.5846	12.5244	0
3.28925	4.3174	50	3.28925	50.1081	2.4	
 
25.5038	28.9339	1.12799e-14
25.5038	28.9339	50
27.2008	30.631	1.12799e-14
27.5062	26.3244	50
28.7649	23.2855	5.63993e-15
29.5846	27.5244	5.63993e-15
3.28925	50.1081	4.3174	50	3.28925	2.4	
 
16.5943	20.0244	58.4
25.5038	11.1149	5.63993e-15
25.5038	11.1149	50
27.5062	13.7244	0
28.7649	16.7633	50
15.1433	50.1081	3.28925	50	3.28925	
 
16.5943	20.0244	58.4
25.5038	28.9339	50
27.5062	26.3244	5.63993e-15
28.7649	23.2855	50
28.7649	23.2855	5.63993e-15
15.1433	3.28925	50	3.28925	50.1081	
 
27.5062	13.7244	0
28.7649	16.7633	50
29.1942	20.0244	5.63993e-15
29.1942	20.0244	50
29.5846	12.5244	0
3.28925	50	3.28925	50.1081	4.3174	
 
16.5943	20.0244	58.4
27.5062	13.7244	0
27.5062	13.7244	50
28.7649	16.7633	5.63993e-15
29.1942	20.0244	50
15.1433	50.1081	3.28925	50	3.28925	
 
16.5943	20.0244	58.4
27.5062	26.3244	50
28.7649	23.2855	5.63993e-15
29.1942	20.0244	5.63993e-15
29.1942	20.0244	50
15.1433	3.28925	50	50.1081	3.28925	
 
27.5062	26.3244	5.63993e-15
27.5062	26.3244	50
28.7649	23.2855	50
29.1942	20.0244	5.63993e-15
29.5846	27.5244	5.63993e-15
3.28925	50.1081	50	3.28925	4.3174	
 
28.7649	16.7633	5.63993e-15
28.7649	23.2855	50
28.7649	23.2855	5.63993e-15
29.1942	20.0244	50
29.5846	12.5244	0
29.5846	27.5244	5.63993e-15
3.28925	50.1081	3.28925	50	7.51014	7.51014	
 
16.5943	20.0244	58.4
28.7649	16.7633	5.63993e-15
28.7649	16.7633	50
28.7649	23.2855	50
29.1942	20.0244	5.63993e-15
15.1433	50.1081	3.28925	3.28925	50	
 
27.2008	9.4178	0
27.5062	13.7244	0
28.7649	16.7633	5.63993e-15
29.1942	20.0244	5.63993e-15
29.5846	12.5244	50
29.5846	27.5244	5.63993e-15
31.0831	16.1421	0
31.0831	23.9067	5.63993e-15
3.91578	2.4	4.3174	7.51014	50	15	3.91578	11.4805	
 
16.5943	20.0244	60
27.2008	9.4178	50
27.2008	9.4178	0
29.5846	12.5244	0
31.0831	16.1421	0
31.0831	16.1421	50
18.0277	3.91578	50.1531	50	50.1531	3.91578	
 
27.2008	30.631	1.12799e-14
27.2008	30.631	50
27.5062	26.3244	5.63993e-15
28.7649	23.2855	5.63993e-15
29.1942	20.0244	5.63993e-15
29.5846	12.5244	0
29.5846	27.5244	50
31.0831	23.9067	5.63993e-15
31.0831	23.9067	50
3.91578	50.1531	2.4	4.3174	7.51014	15	50	3.91578	50.1531	
 
16.5943	20.0244	60
27.2008	30.631	50
29.5846	27.5244	5.63993e-15
31.0831	23.9067	50
18.0277	3.91578	50	3.91578	
 
29.5846	12.5244	0
29.5846	12.5244	50
31.0831	16.1421	50
31.0831	23.9067	5.63993e-15
31.5942	20.0244	0
3.91578	50.1531	50	7.76456	3.91578	
 
16.5943	20.0244	60
29.5846	12.5244	50
31.0831	16.1421	0
31.5942	20.0244	0
31.5942	20.0244	50
18.0277	3.91578	50	50.1531	3.91578	
 
29.5846	12.5244	0
29.5846	27.5244	5.63993e-15
31.0831	16.1421	0
31.0831	23.9067	50
31.5942	20.0244	0
11.4805	3.91578	7.76456	50	3.91578	
 
16.5943	20.0244	60
29.5846	27.5244	5.63993e-15
29.5846	27.5244	50
31.0831	23.9067	5.63993e-15
31.5942	20.0244	0
31.5942	20.0244	50
18.0277	50.1531	3.91578	50	50.1531	3.91578	
 
31.0831	16.1421	0
31.0831	16.1421	50
31.0831	23.9067	5.63993e-15
31.0831	23.9067	50
31.5942	20.0244	50
3.91578	50.1531	3.91578	50.1531	50	
 
16.5943	20.0244	60
31.0831	16.1421	50
31.0831	23.9067	50
31.5942	20.0244	0
18.0277	3.91578	3.91578	50	
 
