300 300 300 300 300 300 300 300 300 300 300 300 300 300 300 300 300  
300 187.861 187.861 187.861 187.861 187.861 187.861 187.861 187.861 187.861 187.861 187.861 187.861 187.861 187.861 187.861 187.861 187.861 187.861 187.861 187.861 187.861  
300 300 300 300 182.96 182.96 182.96 182.96 182.96 182.96 182.96 182.96 182.96 182.96 187.861 182.96 187.861 187.861 187.861 187.861 182.96 182.96 182.96 182.96 182.96 182.96  
300 187.861 187.861 180.135 187.861 187.861 187.861 180.135 187.861 180.135 187.861 187.861 180.135 187.861 182.96 187.861 187.861 182.96 182.96 182.96 182.96  
300 187.861 187.861 158.585 158.585 158.585 158.585 158.585 158.585 300 180.135 187.861 187.861 182.96 187.861 187.861 187.861 182.96 182.96 182.96 182.96 158.585 182.96 158.585 182.96 182.96  
300 300 300 150.816 150.816 150.816 150.816 150.816 150.816 180.135 187.861 187.861 187.861 158.585 158.585 150.816 150.816 158.585 300 300 300 150.816 300 300 300 300 150.816 187.861 187.861 187.861  
300 300 187.861 300 150.816 187.861 187.861 187.861 187.861 187.861 187.861 187.861 187.861 187.861 187.861 187.861 187.861 187.861 182.96 187.861 187.861 187.861 187.861 180.135 300 139.662 150.816 150.816 150.816 300 150.816 300 300 300 300  
300 150.816 300 300 300 127.62 127.62 127.62 127.62 127.62 182.96 127.62 182.96 127.62 127.62 127.62 127.62 182.96 158.585 182.96 182.96 182.96 182.96 182.96 182.96 182.96 127.62 182.96 127.62 127.62  
300 150.816 139.662 78.7164 180.135 187.861 187.861 180.135 300 182.96 127.62 182.96 182.96 182.96 182.96 182.96 182.96 127.62 127.62 127.62 127.62 182.96 182.96 182.96 127.62 78.7164 158.585 158.585 158.585 127.62 78.7164 127.62 158.585 158.585 182.96 182.96 187.861 187.861 187.861 180.135 187.861 187.861 187.861 187.861 187.861 187.861 187.861 187.861 182.96 187.861 187.861 187.861 182.96 187.861 187.861 180.135  
300 187.861 300 300 150.816 150.816 150.816 300 150.816 150.816 180.135 74.5514 180.135 139.662 78.7164 180.135 187.861 187.861 187.861 187.861 187.861 187.861 187.861 187.861 187.861 300 300 158.585 158.585 182.96 74.5514 182.96 182.96 78.7164 158.585 150.816 158.585 158.585 158.585 127.62 127.62 78.7164 127.62 158.585 182.96 182.96 158.585 182.96 182.96 182.96 182.96 182.96 182.96 187.861 187.861 182.96 187.861 187.861 180.135 182.96 182.96  
300 237.678 237.678 237.678 237.678 237.678 237.678 237.678 237.678 300 300 300 300 300 300 300 300 300 300 210.423 210.423 210.423 210.423 300 300 300 300 300 300 210.423 300 300 210.423 210.423 210.423 237.678 210.423 237.678 237.678 237.678 237.678 237.678 237.678 187.861 180.135 180.135 165.942 165.942 300 182.96 182.96 165.942 165.942 165.942 300 210.423 300 300 300 300 300 300 300 300 300 300 300 300 300 300 300 300 300 300 300 300 300 300 300 300 300 300 300 300 300 300 300 300 300 300 300 300 300 300 300 300 300 300 300 300 300 300 300 300 300 300 300 300 300 300 300 300 300 300 300 300 300 300 300 300 300 300 300 300 300 300 300 300 300 300 300 300 300 300 300 300 300 300 300 300 300 300 300 300 300 300 300 300 300 300 300 300 300 300 300 300 300 300 300 300 300 300  
300 300 252.228 300 300 300 300 252.228 300 300 300 300 300 300 300 300 300 300 300 300 300 300 300 300 300 300 300 300 300 300 300 300 300 300 300 300 300 300 300 300 300 300 300 300 300 300 300 300 300 300 300 300 300 300 300 300 300 300 300 300 300 300 300 300 300 300 300 300 300 300 300 300 300 300 300 300 300 300 300 300 300 300 300 300 300 300 300 300 300 300 300 300 300 300 300 300 300 300 300 300 300 300 300 300 300 300 300 300 300 300 300 300 300 300 300 300 300 300 300 300 300 300 300 300 300 300 300 300 300 300 300 300 300 300 300 300 300  
300 300 300 300 300 300 300 300 300 300 300 300 300 300 300 300 300 300 300 300 300 300 300 300 300 300 300 300 300 300 300 300 300 300 300 300 300 300 300 300 300 300 300 300 300 300 300 300 300 300 300 300 300 300 300 300 300 300 300 300 300 300 300 300 300 300 300 300 300 300 300 300 300 300 300 300 300 300 300 300 300 300 300 300 300 300 300 300 300 300 300 300 300 300 300 300 300 300 300 300 300 300 300 300 300 300 300 300 300 300 300 300 300 300 300 300 300 300 300 300 300 300 300 300 300 300 300 300 300 300 300 300 300 300 300 300  
300 243.801 243.801 243.801 300 300 300 300 300 300 300 300 300 287.371 300 300 267.653 300 300 300 300 300 300 300 300 300 300 300 300 300 300 300 300 300 300 300 300 300 300 300 300 300 300 300 300 300 300 300 300 300 300 300 300 300 300 300 300 300 300 300 300 300 300 300 300 300 300 300 300 300 300 300 300 300 300 300 300 300 300 300 300 300 300 300 300 300 300 300 300 300 300 300 300 300 300 300 300 300 300 300 300 300 300 300 300 300 300 300 300 300 300 300 300 300 300 300 300 300 300 300 300 300 300 300 300 300 300 300 300 300 300 300 300 300 300 300 300 300 300 300 300 300 300 300 300 300 300 300  
300 300 300 300 300 300 300 300 300 300 300 300 300 300 300 300 300 300 300 300 300 300 300 300 300 300 300 300 300 300 300 300 300 300 300 300 300 300 300 300 300 300 300 300 300 300 300 300 300 300 300 300 300 300 300 300 300 300 300 300 300 300 300 300 300 300 300 300 300 300 300 300 300 300 300 300 300 300 300 300 300 300 300 300 300 300 300 300  
300 300 299.526 300 300 300 263.047 300 300 300 300 300 300 300 299.526 300 300 300 300 300 300 300 300 300 299.526 300 300 300 300 300 300 263.047 195.432 300 300 300 263.047 300 300 299.526 300 300 300 300 300 300 300 299.526 300 300 300 263.047 195.432 300 300 300 263.047 195.432 300 300 300 263.047 162.567 162.567 162.567 300 300 300 300 299.526 300 300 300 300 300 263.047 300 300 300 300 300 300 268.342 300 300 300 300 300 300 299.526 300 300 300 300 300 300 300 300 300 299.526 300 300 300 300 300 268.342 300 299.526 300 300 300 300 300 268.342 300 299.526 300 300 300 300 300 300 300 300 300 300 300 268.342 300 300 299.526 300 300 300 300 300 300 299.526 300 282.137 300 300 268.342 300 299.526 300 282.137 300 300 207.196 268.342 300 300 282.137 300 300 268.342 195.432 300 300 300 219.931 268.342 300 300 300 300 300 300 299.526 300 282.137 300 300 300 296.483 300 300 300 300 299.526 300 300 300 296.483 300 300 282.137 300 300 300 299.526 300 282.137 300 300 296.483 219.931 162.567 162.567 300 300 300 300 300 299.526 300 300 300 300 300 300 282.557 300 300 300 299.526 300 300 282.557 300 300 300 299.526 300 300 282.557 300 300 300 300 300 300 300 300 300 300 300 296.483 300 300 300 300 158.585 300 282.557 300 300 300 300 300 300 300 300 300 300 282.557 300 300 300 299.526 300 300 300 296.483 300 299.526 300 282.557 300 300 300 300 282.557 300 300 300 299.526 300 296.483 219.931 162.567 300 282.557 300 300 296.483 300 299.526 300 300 300 300 296.483 300 300 236.487 282.557 300 300 296.483 219.931 162.567 162.567 300 236.487 282.557 300 300 296.483 300 300 282.557 300 300 300 300 236.487 300 282.557 300 300 296.483 300 300 236.487 282.557 300 300 300 299.526 300 300 296.483 219.931 162.567 300 300 300 300 227.6 296.483 300 282.557 300 300 296.483 227.6 162.567 162.567 300 300 300 296.483 300 299.526 300 282.557 300 300 300 299.526 300 282.557 300 300 300 300 299.526 300 300 300 300 300 299.526 300 300 300 300 299.526 300 296.483 227.6 162.567 300 282.557 300 300 300 299.526 300 300 300 300 296.483 227.6 162.567 165.942 300 300 300 227.6 296.483 300 236.487 282.557 300 300 296.483 300 263.443 282.557 300 300 296.483 227.6 168.193 300 300 300 296.483 300 299.526 300 300 300 296.483 300 299.526 300 300 300 296.483 300 300 263.443 282.557 300 300 296.483 300 300 300 300 296.483 279.848 282.557 300 300 300 299.526 300 279.848 300 300 300 300 300 300 300 300 296.483 227.6 168.281 300 300 300 296.483 300 279.848 282.557 300 300 300 299.526 300 282.557 300 300 296.483 300 300 300 300 296.483 300 299.526 300 300 300 300 296.483 300 300 300 300 300 300 299.526 300 279.848 282.557 300 300 300 299.526 300 300 300 300 300 296.483 300 299.526 300 300 300 300 296.483 300 282.557 300 300 300 299.526 300 282.557 300 300 300 296.483 227.6 168.193 168.281 300 282.557 300 300 300 299.526 300 300 282.557 300 300 296.483 300 279.848 282.557 300 300 300 299.526 300 300 300 300 300 158.585 300 279.848 282.557 300 300 300 300 300 300 300 300 279.848 282.557 300 300 300 299.526 300 282.557 300 300 296.483 30